***********************************************************************
0-20 years
-1
0.5
-1
0.5
-1
0.5
0.5
-1
-1
-1
-1
0.5
-1
0.5
1
1
1
1
1
0.5
-1
-1.5
-1
-1.5
-1
0.5
1
1
0.5
-1.5
-1.5
***********************************************************************
21-100 years
-1
-0.5
-0.5
-0.5
-0.5
-0.5
-0.5
-0.5
-0.5
-0.5
-0.5
-0.5
-0.5
-0.5
0.5
0.5
0.5
0.5
0.5
-0.5
-0.5
-0.5
-0.5
-0.5
-0.5
-0.5
0.5
0.5
-0.5
-0.5
-0.5
***********************************************************************
101-1000 years
0
-0.5
0
-0.5
0
-0.5
-0.5
0
0
0
0
-0.5
0
-0.5
0
0
0
0
0
-0.5
0
0
0
0
0
-0.5
0
0
-0.5
0
0
***********************************************************************
1001-2000 years
2
-0.5
1
-0.5
0.5
-0.5
-0.5
0.5
0.5
0.5
0.5
-0.5
0.5
-0.5
-0.5
-0.5
-0.5
-0.5
-0.5
-0.5
0.5
1
1
0.5
1
-0.5
-0.5
-0.5
-0.5
0.5
0.5
***********************************************************************
2001+ years
3
0.5
2
0.5
1
0
0
1
1
1
1
0.5
1
0
-1
-1
-1
-1
-1
0
1
2
2
1.5
2
1
-1
-1
1
2
2
***********************************************************************