***********************************************************************
Rainforest
0
0
-1
1
1
1
-0.5
1
0
-1
-0.5
1
-0.5
1
1
1
1
-0.5
1
1
-0.5
-1
0
-0.5
-1
-1
1
1
-1
-0.5
-0.5
***********************************************************************
Savanna
0.5
0.5
0
-0.5
0
1
0
0.5
0
-1
0
0
0
1
1
1
1
0
1
0.5
-0.5
0
0
0
-1
-0.5
1
1
-0.5
0
0
***********************************************************************
Desert
1
1
1
1
-0.5
1
0.5
1
0
-0.5
0
1
0.5
0.5
-0.5
1
1
-0.5
-0.5
-0.5
-0.5
1
0
-0.5
-0.5
0
-0.5
1
0.5
-0.5
-0.5
***********************************************************************
Steppe
0.5
0.5
0.5
-1
-0.5
1
0.5
0.5
0
0
0
-1
0
1
-0.5
1
1
0
0
-1
0
0.5
0
0
-0.5
0
-0.5
1
0.5
0
0
***********************************************************************
Scrub
-0.5
0
0
0
0
-0.5
-1
0
0
0
0
0
-0.5
-1
-0.5
-0.5
-0.5
0
-0.5
-0.5
0
0
0
0
-0.5
0
-0.5
0
-0.5
-0.5
-0.5
***********************************************************************
Grasslands
-1
0.5
0.5

0
0
1
-0.5
-0.5
0
0
-0.5
-0.5
1
0
-0.5
-0.5
0
0
-1
0
0.5
-0.5
0
0.5
0.5
0
0
1
0
0
***********************************************************************
Decidious Forest
-0.5
-0.5
-1
-1
0
-0.5
0
-1
0
0.5
0.5
-1
-0.5
-0.5
0
-0.5
-0.5
0
0
0
-0.5
-1
-0.5
0
0.5
1
0
-0.5
-0.5
0
0
***********************************************************************
Taiga
0.5
0
-1
0
0
1
-1
-1
-0.5
1
0
0
1
0.5
0
1
1
1
1
0.5
0
-1
-0.5
0
0.5
1
0
1
1
-0.5
-0.5
***********************************************************************
Tundra
1
0
1
0.5
0
1
0
0.5
-0.5
1
-0.5
-0.5
1
1
0
1
1
1
1
1
0
1
-1
0
0
1
0
1
1
0
0
***********************************************************************
