***********************************************************************
Sea Coast
0
-1
0
0
-0.5
-0.5
-0.5
0
0
-0.5
0
0
0
-0.5
-0.5
-0.5
-0.5
-0.5
-0.5
0
0
0
0
0
0
0
-0.5
-0.5
0
0
0
***********************************************************************
Lake Shore
0
-0.5
0
0
-0.5
-0.5
0
0
0
0
0
0
0
-0.5
-0.5
-0.5
-0.5
-0.5
-0.5
0
0
0
0
0
0
0
-0.5
-0.5
0
0
0
***********************************************************************
River Bank
-1
-0.5
0
-0.5
-0.5
-0.5
-0.5
-0.5
0
0
0
0
-1
-0.5
-0.5
-0.5
-0.5
-0.5
-0.5
0
0
0
0
0
0
0
-0.5
-0.5
0
0
0
***********************************************************************